모델명,데이터셋,정확도(%),정답수,전체문제,총시간(초),평균시간(초),입력토큰,출력토큰,총토큰,cpu_count,cpu_model,gpu_count,gpu_model,ram_total_size
qwen/qwen3-30b-a3b-2507,화재감식평가산업기사,61.88,138,223,34.12,0.15,32603,520,33123,20,aarch64,1,NVIDIA GB10,119.7
