모델명,제공자,데이터셋,정확도(%),정답수,전체문제,추출실패,총시간(초),평균시간(초),입력토큰,출력토큰,총토큰,비용수준,총비용($)
Claude Opus 4.1,claude,소방안전교육사,34.0,102,300,193,496.96,1.66,61453,2625,64078,높음,1.1187
