모델명,데이터셋,정확도(%),정답수,전체문제,추출실패,총시간(초),평균시간(초),입력토큰,출력토큰,총토큰,cpu_count,cpu_model,gpu_count,gpu_model,ram_total_size,carbon_tracked
google/gemma-3-27b,산업안전지도사,56.33,169,300,0,123.07,0.41,61365,883,62248,20,aarch64,1,NVIDIA GB10,119.7,No
